200 1000
0 2 264
0 4 482
0 9 589
0 16 770
0 23 109
0 27 108
0 31 363
0 35 858
0 36 129
0 37 505
0 43 780
0 46 156
0 48 75
0 51 797
0 64 626
0 66 396
0 67 640
0 71 518
0 74 614
0 79 212
0 86 881
0 91 515
0 92 56
0 111 796
0 112 766
0 117 542
0 120 723
0 147 689
0 151 713
0 153 659
0 154 247
0 155 450
0 163 595
0 165 225
0 173 65
0 174 705
0 179 212
0 181 476
0 182 29
0 191 797
1 89 524
1 109 756
1 126 306
2 29 598
2 34 506
2 71 167
2 79 773
2 89 884
2 112 218
2 130 261
3 71 172
4 24 136
4 34 506
4 71 327
4 144 420
4 154 372
5 12 758
5 24 466
5 39 713
5 65 732
5 67 509
5 98 249
5 108 455
6 57 539
6 60 349
6 112 814
6 132 611
6 135 647
6 145 527
6 162 756
6 165 793
7 25 757
7 36 565
7 52 724
7 67 400
7 108 109
7 142 712
7 156 610
7 197 518
8 34 200
8 74 97
8 97 126
8 143 32
8 164 370
8 181 380
8 199 165
9 51 583
9 74 684
9 83 13
9 100 883
9 123 365
9 129 514
9 135 754
9 147 541
9 179 691
9 199 761
10 77 430
10 101 495
10 176 357
10 184 180
10 195 691
11 15 421
11 30 362
11 74 721
11 80 25
11 156 589
11 183 497
12 13 529
12 199 254
13 26 431
13 46 461
13 97 592
13 107 421
13 137 234
13 164 216
14 17 382
14 55 673
14 66 477
14 174 487
15 44 486
15 72 313
15 94 764
15 105 254
15 112 717
16 41 361
16 45 556
16 150 396
16 176 609
16 185 867
17 121 364
17 132 10
17 178 165
18 60 416
18 160 3
18 199 377
19 23 240
19 46 866
19 156 70
20 109 838
20 110 347
20 145 765
20 178 202
20 188 474
20 193 405
20 195 785
21 45 809
21 80 344
21 116 181
21 157 294
22 98 557
22 184 440
23 34 156
23 64 59
23 161 161
24 28 490
24 39 23
24 40 324
24 46 806
25 40 734
25 61 415
25 104 200
25 108 205
26 131 149
26 132 26
26 140 524
26 144 474
26 166 461
26 197 89
27 77 92
27 93 671
27 109 464
27 151 634
27 199 501
28 78 275
28 104 160
28 125 429
28 192 393
29 54 469
29 73 384
29 128 202
29 164 192
29 188 822
30 92 882
30 154 726
30 188 509
30 199 486
31 134 435
31 150 226
31 173 266
32 93 382
32 119 314
33 40 789
33 57 786
33 119 855
33 162 408
33 175 766
34 141 155
34 179 595
35 63 805
35 74 819
35 84 684
35 199 311
36 114 837
36 157 55
37 119 648
37 175 302
37 178 43
37 198 400
38 49 634
38 119 849
38 170 630
39 107 297
39 112 624
39 119 859
39 146 840
39 150 823
39 183 590
39 192 530
40 48 532
40 125 325
40 147 231
40 199 619
41 72 834
41 79 211
41 89 867
41 93 357
41 100 204
41 163 566
42 100 540
42 111 126
42 114 305
42 119 605
42 154 394
42 155 845
42 182 491
42 199 383
43 81 77
43 106 899
43 109 574
43 148 145
43 159 160
43 175 693
43 183 192
44 62 518
44 77 151
44 102 751
44 122 663
44 188 666
45 99 323
47 58 353
47 85 66
47 109 69
48 56 291
48 68 101
48 80 128
48 149 70
48 181 459
48 199 891
49 109 177
49 199 245
50 87 416
50 111 250
50 170 767
50 180 256
51 106 845
51 122 841
51 154 248
51 183 136
51 185 604
52 65 23
52 73 79
52 119 162
53 193 755
54 69 673
54 122 5
54 127 490
54 165 93
54 196 783
55 116 266
55 140 824
56 84 382
56 90 533
56 100 173
56 108 443
56 111 885
56 115 695
56 129 360
57 58 149
57 95 639
57 108 254
59 95 283
59 123 383
59 137 483
59 195 258
60 95 210
60 149 465
60 155 418
60 163 144
61 104 113
61 111 582
61 114 544
61 131 828
61 139 352
62 148 549
62 189 630
63 113 643
63 183 890
66 168 737
66 177 338
67 86 28
67 187 865
68 87 334
68 124 831
68 163 759
68 183 845
68 199 327
69 75 574
69 91 859
69 109 101
69 124 810
69 175 153
69 190 64
70 80 220
70 95 262
70 98 13
70 104 380
70 126 551
71 92 243
71 142 186
71 146 585
71 180 465
72 129 538
72 197 789
72 199 462
73 103 737
73 139 655
73 151 138
73 155 435
73 174 259
74 87 501
74 91 43
74 97 527
74 131 313
74 149 379
74 191 657
74 199 244
75 189 478
75 199 236
76 153 854
76 157 692
76 167 644
76 186 873
76 189 652
77 79 9
77 127 746
77 129 520
77 146 645
78 157 369
78 174 735
78 176 386
78 183 76
79 93 723
79 99 147
79 108 29
79 145 754
79 199 708
80 115 628
80 135 261
80 146 399
80 199 682
81 97 659
81 116 419
82 172 205
83 102 843
83 113 767
83 124 819
83 137 30
83 154 62
83 189 442
84 90 21
86 135 373
86 167 41
87 128 181
87 199 475
88 151 497
89 135 158
89 162 510
89 182 532
89 199 694
90 96 849
90 154 233
90 158 252
90 195 796
91 97 735
91 141 467
91 162 651
91 195 476
92 157 427
93 165 133
93 192 691
93 197 791
94 137 618
94 156 872
94 195 203
95 97 314
95 128 468
96 98 507
97 180 614
98 126 892
99 99 615
99 126 146
99 131 609
100 150 609
100 157 342
100 189 98
100 196 771
102 121 68
102 122 70
102 129 371
102 166 125
102 193 249
103 108 741
103 114 306
103 139 867
103 141 783
103 182 457
104 153 530
104 166 850
104 167 483
104 185 641
104 199 380
105 157 538
105 159 120
105 180 855
106 130 478
106 155 648
106 181 510
107 133 365
107 137 684
107 165 21
107 168 879
108 109 674
108 139 215
108 152 9
108 186 874
109 125 32
109 140 845
109 181 661
111 130 178
111 185 213
111 189 269
112 134 308
112 157 335
112 163 839
112 199 330
113 131 131
113 161 35
113 164 191
113 172 107
113 175 511
114 122 455
114 131 351
114 199 326
115 126 581
116 172 233
117 120 380
117 135 772
117 140 543
117 162 73
118 122 731
118 136 684
118 174 835
118 199 475
119 130 358
119 134 42
120 141 259
120 155 467
122 122 341
122 168 646
122 175 605
122 199 467
123 140 494
123 148 562
123 182 129
124 161 58
124 185 444
124 191 47
124 199 199
125 150 201
125 197 835
126 139 168
126 146 610
126 151 690
126 199 405
127 150 398
127 153 610
128 142 591
128 149 264
128 169 405
128 186 574
130 161 9
130 198 826
130 199 163
131 194 670
132 140 897
133 141 86
133 176 421
133 180 717
134 167 395
134 182 671
134 185 506
135 149 10
136 186 693
137 199 774
138 152 359
138 181 392
138 184 183
139 153 789
139 180 343
139 193 131
141 172 432
141 199 51
142 146 153
142 167 320
145 189 746
145 198 464
145 199 355
151 164 398
151 199 36
152 159 446
153 178 729
154 165 628
154 187 876
155 161 758
156 162 425
156 198 854
157 168 721
157 196 504
157 199 301
159 169 677
160 184 466
161 162 269
161 199 506
163 184 452
166 171 135
166 195 452
166 199 340
167 182 600
168 199 690
175 199 491
176 199 453
178 194 431
179 191 400
180 199 256
187 191 477
187 193 178
195 196 282
195 199 660
197 199 526
