80 200
0 1 237
0 2 110
0 3 320
0 4 115
0 5 129
0 7 221
0 14 513
0 19 310
1 2 246
1 6 517
1 9 525
1 16 319
2 1 115
2 7 713
3 7 237
4 5 257
4 8 165
5 8 726
6 9 518
6 10 713
7 2 414
7 6 111
7 8 116
7 10 160
7 11 743
7 19 130
7 27 217
8 7 163
8 11 252
8 12 669
8 18 214 
9 1 310
9 13 317
9 16 215
9 20 265
10 13 443
10 19 222
10 27 114
11 15 371
12 15 162
12 32 439
13 9 510
13 16 214
13 17 136
13 33 185
14 19 161
15 18 626
15 10 523
15 25 413
16 19 120
17 19 217
18 19 120
19 20 140
20 11 513
20 22 147
20 23 10
20 24 132
20 25 512
20 27 555
20 34 19
20 39 25
21 22 176
21 26 27
21 29 535
21 36 19
22 21 45
22 27 423
23 27 177
24 25 127
24 28 215
25 28 126
26 29 318
26 30 153
27 22 314
27 26 611
27 28 626
27 30 150
27 31 23
27 39 30
28 27 23
28 31 712
28 32 19
28 38 144 
29 21 510
29 33 617
29 36 15
29 79 330
30 33 23
30 39 22
31 35 161
32 35 12
33 29 160
33 36 104
33 37 136
34 39 101
35 38 146
35 30 306
36 39 205
37 39 107
38 39 130
39 40 200
40 41 107
40 42 180
40 43 130
40 44 175
40 45 290
40 47 521
40 54 113
40 59 140
41 42 260
41 46 217
41 49 125
41 56 349
42 41 215
42 47 313
43 47 270
44 45 127
44 48 175
45 48 286
46 49 198
46 50 130
47 42 194
47 46 171
47 48 16
47 50 10
47 51 413
47 59 230
47 67 317
48 57 130
48 51 122
48 52 199
48 58 104 
49 41 100
49 53 117
49 56 215
49 60 25
50 53 300
50 59 622
50 67 414
51 55 310
52 55 12
52 62 390
53 49 110
53 56 224
53 57 316
53 73 315
54 59 110
55 58 326
55 50 273
55 65 103
56 59 20
57 59 417
58 59 510
59 60 160
60 51 103
60 62 167
60 63 180
60 64 102
60 65 172
60 67 225
60 74 119
60 79 125
61 62 816
61 66 227
61 69 35
61 76 129
62 61 45
62 67 223
63 67 137
64 65 27
64 68 15
65 68 266
66 69 18
66 70 213
67 62 314
67 66 111
67 68 326
67 70 210
67 71 23
67 79 230
68 67 223
68 71 102
68 72 219
68 78 444 
69 61 310
69 73 137
69 76 135
70 73 23
70 79 22
71 75 311
72 75 132
73 69 210
73 76 154
73 77 536
74 79 311
75 78 146
75 70 236
76 79 120
77 79 107
78 79 340
