40 100
0 1 7
0 2 10
0 3 30
0 4 15
0 5 29
0 7 21
0 14 13
0 19 10
1 2 26
1 6 17
1 9 25
1 16 39
2 1 15
2 7 13
3 7 27
4 5 27
4 8 15
5 8 26
6 9 18
6 10 13
7 2 14
7 6 11
7 8 16
7 10 10
7 11 43
7 19 30
7 27 17
8 7 13
8 11 22
8 12 9
8 18 14 
9 1 10
9 13 17
9 16 15
9 20 25
10 13 3
10 19 22
10 27 14
11 15 31
12 15 12
12 32 9
13 9 10
13 16 24
13 17 16
13 33 15
14 19 11
15 18 26
15 10 23
15 25 13
16 19 20
17 19 17
18 19 10
19 20 10
20 11 13
20 22 17
20 23 10
20 24 12
20 25 12
20 27 5
20 34 19
20 39 25
21 22 16
21 26 27
21 29 35
21 36 19
22 21 45
22 27 23
23 27 17
24 25 27
24 28 15
25 28 26
26 29 18
26 30 13
27 22 14
27 26 11
27 28 26
27 30 10
27 31 23
27 39 30
28 27 23
28 31 12
28 32 19
28 38 44 
29 21 10
29 33 17
29 36 15
30 33 23
30 39 22
31 35 11
32 35 12
33 29 10
33 36 14
33 37 36
34 39 11
35 38 46
35 30 36
36 39 20
37 39 17
38 39 30
39 0 200
